50 
101 20 10 5 4000 100 47 47 
102 20 10 5 4000 200 47 47 
101 20 10 5 4500 300 47 47 
102 20 10 5 5000 400 47 47 
101 30 10 5 6000 100 47 47 
101 30 10 5 6000 300 47 47 
101 30 10 5 6500 600 47 47 
101 30 10 5 6400 650 47 47 
101 50 10 5 8000 400 47 47 
102 50 10 5 8000 100 47 47 
102 50 10 5 7000 200 47 47 
101 50 10 5 7100 300 47 47 
101 30 10 5 7500 500 47 47 
102 50 10 5 8000 500 47 47 
101 30 10 5 9000 100 47 47 
102 50 10 5 9500 220 47 47 
102 50 10 5 9750 384 47 47 
102 50 10 5 10000 451 47 47 
101 30 10 5 12000 50 47 47 
101 30 10 5 12000 100 47 47 
101 50 10 5 12000 150 47 47 
101 50 10 5 12000 200 47 47 
101 50 10 5 12000 250 47 47 
101 50 10 5 12000 300 47 47 
101 50 10 5 12000 350 47 47 
101 50 10 5 12000 400 47 47 
101 50 10 5 12000 450 47 47 
101 50 10 5 12000 500 47 47 
101 25 15 10 13000 100 47 47 
101 25 10 5 13000 100 47 47 
101 25 10 5 13000 150 47 47 
101 25 10 5 13000 200 47 47 
101 25 10 5 13000 250 47 47 
101 25 10 5 13000 300 47 47 
101 25 10 5 13000 350 47 47 
101 25 10 5 13000 400 47 47 
101 25 10 5 13000 450 47 47 
101 25 10 5 13000 500 47 47 
101 20 10 6 15000 231 47 47 
101 21 11 7 15500 228 47 47 
102 21 12 7 16750 275 47 47 
102 50 10 7 18000 100 47 47 
102 50 10 7 18000 150 47 47 
102 50 10 7 18000 200 47 47 
102 50 10 7 18000 250 47 47 
102 50 10 7 18000 300 47 47 
102 50 10 7 18000 350 47 47 
102 50 10 7 18000 400 47 47 
102 50 10 7 18000 450 47 47 
102 50 10 7 18000 500 47 47 