172 
102 10 8 4 2000 100 47 47 
102 10 8 5 2000 150 47 47 
102 11 8 5 3000 200 47 47 
102 10 8 4 4000 350 47 47 
102 12 8 4 5000 300 47 47 
102 12 8 5 5000 400 47 47 
102 12 8 4 5000 110 47 47 
102 12 8 4 5500 450 47 47 
102 16 8 4 5750 100 47 47 
102 10 8 4 6000 128 47 47 
102 12 8 5 6000 256 47 47 
102 10 8 4 6000 512 47 47 
102 10 8 4 7000 334 47 47 
102 11 8 4 7500 400 47 47 
102 10 8 5 7750 200 47 47 
102 10 8 5 8000 600 47 47 
102 12 8 5 8500 550 47 47 
102 12 8 5 8750 450 47 47 
102 12 8 5 9250 150 47 47 
102 12 8 5 9500 256 47 47 
102 12 8 5 9750 350 47 47 
100 100 10 5 10000 369 238 399 
103 10 7 5 16400 76 51 47 
103 10 7 5 16600 76 51 47 
103 10 7 5 16800 76 51 47 
103 10 7 5 16800 76 51 47 
103 10 7 5 17000 76 51 47 
103 10 7 5 17200 76 51 47 
103 10 7 5 17400 76 51 47 
103 10 7 5 17600 76 51 47 
100 200 10 5 18000 369 238 399 
103 10 7 6 22400 76 51 47 
103 10 7 6 22600 76 51 47 
103 10 7 6 22800 76 51 47 
103 10 7 6 23000 76 51 47 
103 10 7 6 23200 76 51 47 
103 10 7 6 23400 76 51 47 
103 10 7 6 23600 76 51 47 
103 10 7 6 23800 76 51 47 
103 10 7 6 24000 76 51 47 
102 12 8 5 25000 200 47 47 
102 10 8 5 25000 400 47 47 
102 10 8 5 25250 256 47 47 
102 10 8 6 25500 300 47 47 
102 10 8 5 25500 500 47 47 
103 10 9 4 28000 651 51 47 
103 10 9 4 28200 651 51 47 
103 10 9 5 28400 651 51 47 
103 10 9 4 28600 651 51 47 
103 10 9 4 28800 651 51 47 
103 10 9 4 29000 651 51 47 
103 10 9 4 29200 651 51 47 
103 10 9 4 29400 651 51 47 
103 10 9 4 29600 651 51 47 
103 10 9 4 29800 651 51 47 
101 10 8 6 30200 128 47 47 
101 12 8 6 30400 408 47 47 
101 10 8 5 30500 300 47 47 
101 11 8 6 30600 260 47 47 
101 10 8 5 30800 400 47 47 
101 11 8 6 30900 250 47 47 
101 10 8 6 31100 300 47 47 
101 11 8 6 31200 418 47 47 
101 12 8 5 31400 348 47 47 
101 10 8 5 31500 200 47 47 
101 11 8 6 31600 428 47 47 
101 11 8 5 31800 256 47 47 
103 10 7 6 36000 51 51 47 
103 10 7 6 36100 51 51 47 
103 10 7 6 36200 51 51 47 
103 10 7 6 36300 51 51 47 
103 10 7 6 36400 51 51 47 
103 10 7 6 36500 51 51 47 
103 10 7 6 36600 51 51 47 
103 10 7 6 36700 51 51 47 
103 10 7 6 36800 51 51 47 
103 10 7 6 36900 51 51 47 
103 10 7 6 37000 51 51 47 
103 10 7 6 37100 51 51 47 
102 10 6 6 38000 100 47 47 
102 10 6 6 38000 200 47 47 
102 11 6 6 38500 200 47 47 
102 11 6 6 38500 500 47 47 
102 11 6 6 39000 300 47 47 
102 11 6 6 39000 400 47 47 
102 11 6 6 39500 332 47 47 
102 11 6 6 40000 332 47 47 
102 11 6 6 40500 64 47 47 
102 11 6 6 40500 162 47 47 
102 11 6 6 40500 260 47 47 
102 11 6 6 41000 332 47 47 
102 11 6 6 41500 300 47 47 
102 11 6 6 41500 400 47 47 
102 11 6 5 42000 200 47 47 
102 21 6 6 42000 300 47 47 
102 11 5 5 42000 64 47 47 
102 12 6 6 42000 650 47 47 
102 12 5 5 42500 600 47 47 
102 11 6 6 42500 500 47 47 
102 11 6 6 42500 400 47 47 
102 11 6 6 42500 500 47 47 
102 12 6 6 43000 300 47 47 
102 12 6 6 43000 100 47 47 
102 11 6 6 43000 246 47 47 
102 11 6 6 43000 180 47 47 
102 12 6 6 43500 100 47 47 
102 12 6 6 43500 300 47 47 
102 12 6 6 44000 100 47 47 
102 12 6 6 44000 500 47 47 
103 10 8 6 47000 51 51 47 
103 10 8 6 47100 51 51 47 
103 10 8 6 47200 51 51 47 
103 10 8 6 47300 51 51 47 
100 300 10 6 48000 369 238 399 
103 10 10 6 54000 51 51 47 
103 10 10 6 54100 51 51 47 
103 10 10 6 54200 51 51 47 
103 10 10 6 54300 51 51 47 
102 20 9 4 57000 256 47 47 
102 21 9 4 57250 100 47 47 
102 22 9 4 57500 350 47 47 
102 23 9 4 57750 300 47 47 
102 24 9 4 58000 200 47 47 
50 3000 7 4 60000 256 228 241 
103 10 7 6 86000 51 51 47 
103 10 7 6 86100 51 51 47 
103 10 7 6 86200 51 51 47 
103 10 7 6 86300 51 51 47 
103 10 7 6 86400 51 51 47 
103 10 7 6 86500 51 51 47 
103 10 7 6 86600 51 51 47 
103 10 7 6 86700 51 51 47 
103 10 7 6 86800 51 51 47 
103 10 7 6 86900 51 51 47 
103 10 7 6 87000 51 51 47 
103 10 7 6 87100 51 51 47 
103 10 7 6 87200 51 51 47 
103 10 7 6 87300 51 51 47 
103 10 7 6 87400 51 51 47 
103 10 7 6 87500 51 51 47 
102 12 7 4 89000 0 47 47 
102 12 7 4 89000 50 47 47 
102 12 7 4 89000 100 47 47 
102 12 7 4 89000 150 47 47 
102 12 7 4 89000 200 47 47 
102 12 7 4 89000 250 47 47 
102 12 7 4 89000 300 47 47 
102 12 7 4 90000 350 47 47 
102 12 7 4 90000 400 47 47 
102 12 7 4 91000 450 47 47 
102 12 7 4 91000 500 47 47 
102 12 7 4 91000 550 47 47 
102 12 7 4 92000 600 47 47 
102 12 7 4 92000 650 47 47 
102 12 7 4 92000 690 47 47 
22 0 0 0 100000 0 0 0 
1 8000 13 7 106000 155 211 448 
