# Level 2
663
104 100 12 13 1500 0 64 64
105 100 12 13 2500 0 64 64
104 100 12 13 3500 0 64 64
104 100 12 13 4000 0 64 64
105 100 12 13 4500 0 64 64
105 100 12 13 5000 0 64 64
104 100 12 13 6000 0 64 64
105 100 12 13 6000 0 64 64
103 60 6 10 8000 100 51 48
103 60 8 10 8000 600 51 48
103 60 9 10 9100 600 51 48
103 60 10 10 9300 500 51 48
103 60 11 10 9500 400 51 48
103 60 12 10 9700 300 51 48
103 60 13 11 10300 300 51 48
103 61 15 11 10600 292 51 48
103 66 13 11 11100 500 51 48
103 63 13 11 11200 400 51 48
103 63 13 11 11300 350 51 48
103 63 13 11 11400 300 51 48
104 100 12 13 13000 0 64 64
104 100 12 13 13100 0 64 64
104 100 12 13 13200 0 64 64
104 100 12 13 13300 0 64 64
103 63 13 11 13500 71 51 48
105 100 12 13 13900 0 64 64
105 100 12 13 14000 0 64 64
105 100 12 13 14100 0 64 64
105 100 12 13 14200 0 64 64
104 100 12 13 14600 0 64 64
103 63 13 11 14600 400 51 48
105 100 12 13 14600 0 64 64
103 63 13 11 16400 600 51 48
103 63 13 11 16700 600 51 48
103 63 13 11 17000 600 51 48
104 100 12 13 18000 0 64 64
104 100 12 13 18100 0 64 64
104 100 12 13 18200 0 64 64
104 100 12 13 18300 0 64 64
103 63 13 11 18600 600 51 48
103 63 13 11 18900 600 51 48
104 100 12 13 18300 0 64 64
105 100 12 13 18300 0 64 64
103 63 13 11 19400 600 51 48
103 63 13 11 19700 600 51 48
103 63 13 11 20000 600 51 48
104 100 12 13 22300 0 64 64
105 100 12 13 22300 0 64 64
103 63 11 12 24000 400 51 48
104 100 12 13 22500 0 64 64
105 100 12 13 22500 0 64 64
103 63 11 12 24000 250 51 48
103 63 11 12 24000 400 51 48
103 65 12 12 25250 321 51 48
103 65 12 13 25500 100 51 48
103 65 12 13 25900 256 51 48
105 60 10 13 27000 375 64 64
104 60 10 14 27500 500 64 64
105 60 10 14 27500 375 64 64
104 60 10 14 28000 500 64 64
105 60 10 14 28000 375 64 64
102 65 10 14 29000 256 48 48
102 65 10 14 29200 310 48 48
100 8000 12 10 30000 404 238 399
103 65 12 13 32000 256 51 48
103 65 10 13 32300 100 51 48
103 65 13 14 32600 200 51 48
102 69 13 11 33500 215 48 48
102 60 13 11 34000 100 48 48
102 60 13 11 34600 328 48 48
102 60 13 11 35000 264 48 48
104 69 13 11 35200 0 64 64
104 69 13 11 35400 0 64 64
102 60 13 14 35512 164 48 48
101 65 13 14 36000 250 48 48
101 65 13 14 36750 350 48 48
101 65 13 13 37000 150 48 48
102 60 13 11 37000 264 48 48
104 69 13 11 37200 0 64 64
104 69 13 11 37400 0 64 64
101 35 13 12 38000 250 48 48
102 65 13 11 38000 350 48 48
103 66 12 11 38500 500 51 48
103 63 12 11 38500 100 51 48
103 66 12 11 38700 450 51 48
103 65 11 12 38700 200 51 48
103 66 12 11 39500 500 51 48
103 63 12 11 39500 100 51 48
103 66 12 11 39700 450 51 48
103 65 11 12 39700 200 51 48
104 61 12 14 40800 0 64 64
104 61 10 13 41000 0 64 64
104 60 10 13 41200 0 64 64
105 60 10 13 41400 0 64 64
105 61 12 14 41600 0 64 64
105 61 12 14 41800 0 64 64
103 66 12 11 42000 600 51 48
103 63 12 11 42200 500 51 48
103 66 12 11 42400 450 51 48
100 8000 12 10 43000 404 238 399
103 65 11 12 45000 128 51 48
103 63 11 12 45200 600 51 48
104 61 10 13 46000 231 64 64
104 60 10 13 46100 500 64 64
104 60 10 13 46200 375 64 64
104 61 12 14 46300 100 64 64
104 61 12 14 46400 380 64 64
105 61 12 14 47000 430 64 64
105 61 12 14 47100 478 64 64
105 60 12 11 47200 100 64 64
105 61 12 14 47300 100 64 64
105 61 12 14 47400 380 64 64
104 61 10 13 48000 231 64 64
105 60 10 13 48200 500 64 64
104 60 10 13 48400 375 64 64
105 61 12 14 48600 100 64 64
104 61 12 14 48800 380 64 64
105 61 12 14 49600 100 64 64
105 61 12 14 49800 380 64 64
104 61 12 14 50000 430 64 64
104 61 12 14 50200 478 64 64
105 60 13 11 50400 100 64 64
105 60 10 13 50600 300 64 64
104 62 13 14 50800 228 64 64
104 62 13 14 51000 231 64 64
105 61 13 14 51100 275 64 64
104 62 13 14 51200 231 64 64
105 62 13 13 51300 231 64 64
104 61 13 12 51400 275 64 64
103 60 9 11 52100 164 51 48
103 60 9 12 52200 500 51 48
103 61 9 13 52300 350 51 48
103 66 9 14 52500 200 51 48
103 68 9 11 52700 150 51 48
103 60 9 11 53000 500 51 48
103 61 9 12 53100 450 51 48
103 60 9 13 53200 400 51 48
103 61 9 11 53300 350 51 48
103 60 9 11 53400 300 51 48
# Semi-Boss
51 10000 5 6 55000 256 228 241
105 60 8 11 73000 100 64 64
104 60 8 13 73000 300 64 64
105 62 10 14 73500 228 64 64
104 62 10 14 73500 231 64 64
105 61 10 14 73700 275 64 64
104 62 10 14 73700 231 64 64
105 62 12 13 73800 231 64 64
104 61 12 12 73800 275 64 64
105 61 12 11 73900 275 64 64
104 61 12 11 73900 275 64 64
105 60 13 11 74100 100 64 64
104 60 13 13 74100 300 64 64
105 62 12 14 74200 228 64 64
104 62 12 14 74200 231 64 64
105 61 10 14 74300 275 64 64
104 62 10 14 74300 231 64 64
105 62 8 13 74400 231 64 64
104 61 8 12 74400 275 64 64
100 8000 12 12 75000 404 238 399
105 62 13 14 78700 228 64 64
105 62 13 14 78800 231 64 64
103 61 9 11 79000 550 51 48
103 60 9 11 79000 600 51 48
#TX
102 65 11 11 80000 100 48 48
102 65 11 13 80500 100 48 48
102 65 12 11 81000 100 48 48
102 65 10 14 81000 200 48 48
102 65 12 12 81000 300 48 48
102 65 12 14 81000 400 48 48
102 65 10 11 81000 500 48 48
102 65 12 11 81000 600 48 48
102 65 11 11 81500 100 48 48
102 65 13 11 82000 100 48 48
102 65 11 16 83000 100 48 48
102 65 13 12 83000 600 48 48
102 65 11 12 83250 200 48 48
102 65 12 11 83250 500 48 48
102 65 11 14 83500 300 48 48
102 65 13 14 83500 400 48 48
102 65 11 13 83750 350 48 48
102 65 11 14 84000 300 48 48
102 65 10 11 84000 400 48 48
102 65 10 11 84250 200 48 48
102 65 10 11 84250 500 48 48
102 65 10 11 84500 100 48 48
102 65 11 14 84500 600 48 48
#END TX
104 61 13 11 86250 275 64 64
105 61 13 11 86250 275 64 64
104 61 13 11 86750 275 64 64
105 61 13 11 86750 275 64 64
103 60 11 14 87000 128 51 48
103 60 11 12 87500 321 51 48
103 60 11 13 88100 256 51 48
103 60 11 13 88300 80 51 48
103 80 11 11 88550 400 51 48
100 5000 12 13 90000 404 238 399
# Heaviside Begin
104 61 10 13 92500 231 64 64
105 61 10 13 92500 231 64 64
104 61 10 13 93000 231 64 64
105 61 10 13 93000 231 64 64
104 61 10 13 93500 231 64 64
105 61 10 13 93500 231 64 64
104 61 13 11 94000 275 64 64
105 61 13 11 94000 275 64 64
104 61 10 13 94500 231 64 64
105 61 10 13 94500 231 64 64
105 61 10 13 95000 231 64 64
104 60 10 13 95200 500 64 64
105 60 10 13 95200 500 64 64
104 61 10 11 95600 100 64 64
105 61 10 12 95600 100 64 64
104 60 10 11 95800 380 64 64
105 60 10 12 95800 380 64 64
104 61 10 11 96000 430 64 64
105 61 10 12 96000 430 64 64
104 61 10 11 96200 478 64 64
105 61 10 14 96200 478 64 64
104 63 10 13 96400 100 64 64
105 63 10 12 96400 100 64 64
104 61 10 14 96600 100 64 64
105 61 10 13 96600 100 64 64
104 61 10 12 97200 478 64 64
105 61 10 10 97200 478 64 64
104 63 13 14 97400 100 64 64
105 63 13 11 97400 100 64 64
104 61 11 14 97600 100 64 64
105 61 11 11 97600 100 64 64
104 61 12 14 97800 380 64 64
105 61 14 11 97800 380 64 64
104 62 13 14 98000 430 64 64
105 62 11 13 98000 430 64 64
104 61 10 14 98200 478 64 64
105 61 11 14 98200 478 64 64
104 63 12 13 98400 100 64 64
105 63 10 14 98400 100 64 64
# Heaviside End
# GUMICHAN01
102 40 11 16 100000 100 48 48
102 40 10 12 100000 150 48 48
102 40 10 13 100000 200 48 48
102 40 10 12 100000 250 48 48
102 40 11 11 100000 300 48 48
102 40 13 13 100000 350 48 48
102 40 10 12 100000 400 48 48
102 40 10 12 100000 450 48 48
102 40 11 12 100500 100 48 48
102 40 18 12 100500 450 48 48
102 40 11 12 101000 100 48 48
102 40 19 13 101000 450 48 48
102 40 19 12 101500 100 48 48
102 40 18 12 101500 300 48 48
102 40 19 12 101500 450 48 48
102 40 13 13 101500 100 48 48
102 40 13 12 101500 300 48 48
102 40 11 13 101500 450 48 48
102 40 19 12 102000 100 48 48
102 40 19 14 102000 300 48 48
102 40 19 12 102000 350 48 48
102 40 11 19 102000 400 48 48
102 40 11 12 102000 450 48 48
102 40 10 19 103000 100 48 48
102 40 11 19 103000 150 48 48
102 40 10 12 103000 200 48 48
102 40 10 11 103000 250 48 48
102 40 10 13 103000 300 48 48
102 40 10 12 103000 350 48 48
102 40 10 13 103000 400 48 48
102 40 10 12 103000 450 48 48
102 40 10 12 103500 450 48 48
102 40 11 19 104000 450 48 48
102 40 11 12 104500 450 48 48
102 40 11 19 105000 100 48 48
102 40 11 19 105000 150 48 48
102 40 11 10 105000 200 48 48
102 40 11 19 105000 250 48 48
102 40 11 11 105000 300 48 48
102 40 11 13 105000 350 48 48
102 40 14 12 105000 400 48 48
102 40 11 11 105000 450 48 48
102 40 10 12 106000 100 48 48
102 40 10 13 106000 150 48 48
102 40 10 12 106000 200 48 48
102 40 10 10 106000 250 48 48
102 40 10 12 106000 300 48 48
102 40 10 12 106000 350 48 48
102 40 11 19 106000 400 48 48
102 40 14 13 106000 450 48 48
102 40 11 11 106250 150 48 48
102 40 14 10 106500 200 48 48
102 40 11 12 106750 250 48 48
102 40 19 13 107000 250 48 48
102 40 11 13 107250 200 48 48
102 40 14 12 107500 150 48 48
102 40 11 13 107750 100 48 48
102 40 12 10 108000 100 48 48
102 40 11 13 108000 150 48 48
102 40 11 19 108000 200 48 48
102 40 11 10 108000 250 48 48
102 40 18 12 108000 300 48 48
102 40 11 13 108000 350 48 48
102 40 18 13 108000 400 48 48
102 40 19 11 108000 450 48 48
102 40 10 10 109000 100 48 48
102 40 11 13 109000 450 48 48
102 40 11 19 109500 100 48 48
102 40 11 11 109500 450 48 48
102 40 11 19 110000 100 48 48
102 40 11 13 110000 150 48 48
102 40 11 13 110000 200 48 48
102 40 11 19 110000 250 48 48
102 40 11 12 110000 300 48 48
102 40 11 13 110000 350 48 48
102 40 11 19 110000 400 48 48
102 40 11 19 110000 450 48 48
102 40 11 11 110500 100 48 48
102 40 11 19 110500 450 48 48
102 40 11 11 111000 100 48 48
102 40 11 19 111000 450 48 48
102 40 11 11 112000 100 48 48
102 40 11 19 112000 150 48 48
102 40 11 13 112000 200 48 48
102 40 11 19 112000 250 48 48
102 40 11 19 112000 300 48 48
102 40 11 12 112000 350 48 48
102 40 11 19 112000 400 48 48
102 40 11 19 112000 450 48 48
102 40 11 19 112500 100 48 48
102 40 11 19 112500 450 48 48
102 40 11 19 113000 100 48 48
102 40 11 11 113000 450 48 48
102 40 11 19 113500 100 48 48
102 40 11 19 113500 450 48 48
102 40 11 19 114500 100 48 48
102 40 11 13 114500 150 48 48
102 40 11 19 114500 200 48 48
102 40 11 19 114500 250 48 48
102 40 11 19 114500 300 48 48
102 40 11 13 114500 350 48 48
102 40 11 19 114500 400 48 48
102 40 11 19 114500 450 48 48
102 40 11 12 114750 300 48 48
102 40 11 19 115000 300 48 48
102 40 11 13 115250 300 48 48
102 40 11 19 115500 300 48 48
102 40 11 13 115750 300 48 48
102 40 11 19 116000 300 48 48
102 40 11 12 116250 100 48 48
102 40 11 19 116250 150 48 48
102 40 11 12 116250 200 48 48
102 40 11 19 116250 250 48 48
102 40 11 11 116250 300 48 48
102 40 11 19 116250 350 48 48
102 40 11 11 116250 400 48 48
102 40 11 19 116250 450 48 48
102 40 11 13 117250 100 48 48
102 40 11 19 117250 150 48 48
102 40 11 19 117250 200 48 48
102 40 11 11 117250 250 48 48
102 40 11 19 117250 300 48 48
102 40 11 19 117250 350 48 48
102 40 11 12 117250 400 48 48
102 40 11 19 117250 450 48 48
102 40 11 11 117500 100 48 48
102 40 11 19 117500 300 48 48
102 40 11 12 117750 100 48 48
102 40 11 19 117750 300 48 48
102 40 11 12 118000 100 48 48
102 40 11 19 118000 300 48 48
102 40 11 13 118250 100 48 48
102 40 11 19 118250 300 48 48
102 40 11 13 118500 100 48 48
102 40 11 19 118500 300 48 48
102 40 11 13 118750 100 48 48
102 40 11 19 118750 150 48 48
102 40 11 13 118750 200 48 48
102 40 11 19 118750 250 48 48
102 40 11 13 118750 300 48 48
102 40 11 19 118750 350 48 48
102 40 11 13 118750 400 48 48
102 40 11 19 118750 450 48 48
102 40 11 19 119500 100 48 48
102 40 11 13 119500 150 48 48
102 40 11 11 119500 200 48 48
102 40 11 9 119500 250 48 48
102 40 11 12 119500 300 48 48
102 40 11 19 119500 350 48 48
102 40 11 13 119500 400 48 48
102 40 11 19 119500 450 48 48
102 40 11 12 119750 150 48 48
102 40 11 19 120000 200 48 48
102 40 11 11 120250 250 48 48
102 40 11 19 120500 300 48 48
102 40 11 12 120750 350 48 48
102 40 11 19 121000 400 48 48
102 40 11 12 121250 450 48 48
102 40 11 19 121500 100 48 48
102 40 11 19 121500 150 48 48
102 40 11 19 121500 200 48 48
102 40 11 19 121500 250 48 48
102 40 11 19 121500 300 48 48
102 40 11 19 121500 350 48 48
102 40 11 19 121500 400 48 48
102 40 11 19 121500 450 48 48
102 40 11 19 122500 100 48 48
102 40 11 19 122500 150 48 48
102 40 11 19 122500 200 48 48
102 40 11 19 122500 250 48 48
102 40 11 19 122500 300 48 48
102 40 11 19 122500 350 48 48
102 40 11 19 122500 400 48 48
102 40 11 19 122500 450 48 48
102 40 11 19 123000 100 48 48
102 40 11 19 123000 450 48 48
102 40 11 19 123500 100 48 48
102 40 11 19 123500 450 48 48
102 40 11 19 124000 100 48 48
102 40 11 19 124000 450 48 48
102 40 11 19 124500 100 48 48
102 40 11 19 124500 150 48 48
102 40 11 19 124500 200 48 48
102 40 11 19 124500 250 48 48
102 40 11 19 124500 300 48 48
102 40 11 19 124500 350 48 48
102 40 11 19 124500 400 48 48
102 40 11 19 124500 450 48 48
102 40 11 10 125500 100 48 48
102 40 13 12 125500 194 48 48
102 40 13 11 125500 241 48 48
102 40 13 13 125500 288 48 48
102 40 13 11 125500 335 48 48
102 40 13 19 125500 382 48 48
102 40 13 11 125500 429 48 48
102 40 13 11 125500 476 48 48
102 40 13 11 125500 529 48 48
102 40 13 11 125500 575 48 48
103 60 17 10 127000 400 51 48
103 60 17 10 127000 600 51 48
104 40 10 12 128000 380 64 64
104 40 10 12 128500 380 64 64
105 40 10 12 128500 380 64 64
104 40 10 12 129000 380 64 64
105 40 10 12 129500 380 64 64
102 60 13 13 131000 100 48 48
102 60 13 13 131000 150 48 48
102 60 13 13 131000 200 48 48
102 60 13 13 131000 250 48 48
102 60 13 13 132000 300 48 48
102 60 13 13 132000 350 48 48
102 60 13 13 132000 400 48 48
102 60 13 13 132000 450 48 48
110 100 11 13 133600 400 80 80
110 100 11 9 134000 600 80 80
110 100 11 12 135000 100 80 80
110 100 11 9 135100 150 80 80
110 100 11 9 135200 200 80 80
110 100 11 9 135300 250 80 80
110 100 11 9 135400 300 80 80
110 100 11 9 135500 350 80 80
110 100 11 9 137100 650 80 80
110 100 11 9 137200 600 80 80
110 100 11 9 137300 550 80 80
110 100 11 9 137400 500 80 80
110 100 11 9 137500 450 80 80
110 100 11 9 138300 200 80 80
110 100 11 9 138400 150 80 80
110 100 11 9 138500 100 80 80
110 100 11 9 138600 71 80 80
110 100 11 9 140000 100 80 80
110 100 11 9 140100 150 80 80
110 100 11 9 140200 200 80 80
110 100 11 9 140300 250 80 80
110 100 11 9 140400 300 80 80
110 100 10 11 141000 600 80 80
110 100 10 11 141100 650 80 80
110 100 10 11 141200 690 80 80
110 100 10 11 141400 650 80 80
110 100 10 11 141500 600 80 80
110 100 10 13 142000 350 80 80
110 100 10 11 142100 300 80 80
110 100 10 11 142200 250 80 80
110 100 10 11 142300 200 80 80
110 100 10 11 142400 150 80 80
104 61 10 11 144200 100 64 64
105 61 10 11 144200 100 64 64
104 61 10 11 144300 380 64 64
105 61 10 11 144300 380 64 64
104 61 10 11 145000 430 64 64
105 61 10 11 145000 430 64 64
104 61 10 11 145200 478 64 64
105 61 10 11 145200 478 64 64
104 60 13 11 145400 100 64 64
105 60 13 11 145400 100 64 64
104 61 10 11 145600 100 64 64
105 61 10 11 145600 100 64 64
104 60 10 13 146200 500 64 64
105 60 10 13 146200 500 64 64
104 60 10 13 146400 375 64 64
105 60 10 13 146400 375 64 64
104 61 10 11 146600 100 64 64
105 61 10 11 146600 100 64 64
104 61 10 11 146800 380 64 64
105 61 10 11 146800 380 64 64
104 61 10 11 147000 430 64 64
105 61 10 11 147000 430 64 64
104 61 10 11 147600 100 64 64
105 61 10 11 147600 100 64 64
104 61 10 11 147800 380 64 64
105 61 10 11 147800 380 64 64
104 61 10 11 148000 430 64 64
105 61 10 11 148000 430 64 64
104 61 10 11 148200 478 64 64
105 61 10 11 148200 478 64 64
104 60 10 13 148600 300 64 64
105 60 10 13 148600 300 64 64
104 62 13 12 148800 228 64 64
105 62 13 12 148800 228 64 64
104 62 13 12 149000 231 64 64
105 62 13 11 149000 231 64 64
# Revenge of bashi
103 60 10 10 150000 151 51 48
103 60 10 10 150200 151 51 48
103 60 10 10 150400 151 51 48
103 61 10 10 150600 151 51 48
103 60 10 10 150800 151 51 48
103 60 10 10 151000 601 51 48
103 60 10 10 151100 601 51 48
103 60 10 10 151200 601 51 48
103 60 10 10 151300 601 51 48
103 60 10 10 151400 601 51 48
103 60 10 10 151500 601 51 48
100 8000 9 10 152000 404 238 399
104 61 10 11 155000 100 64 64
104 61 10 11 155000 100 64 64
104 61 10 11 156000 100 64 64
105 61 10 11 156000 100 64 64
104 61 10 11 156500 100 64 64
105 61 10 11 156500 100 64 64
104 61 10 11 157000 100 64 64
105 61 10 11 157200 100 64 64
104 61 10 11 157500 100 64 64
105 61 10 11 157700 100 64 64
104 61 10 11 158000 100 64 64
105 61 10 11 158200 100 64 64
104 61 10 11 159000 100 64 64
105 61 11 11 159200 100 64 64
104 61 10 11 159500 100 64 64
105 61 10 11 159700 100 64 64
104 61 11 11 160000 100 64 64
105 61 11 11 160200 100 64 64
104 61 11 11 160500 100 64 64
105 61 11 11 161200 100 64 64
104 61 11 11 161500 100 64 64
105 61 11 11 161700 100 64 64
104 61 11 11 162000 100 64 64
105 61 11 11 162100 100 64 64
104 61 11 11 162200 100 64 64
105 61 11 11 162300 100 64 64
104 61 11 11 162700 100 64 64
105 61 11 11 162800 100 64 64
104 61 11 11 163000 100 64 64
104 61 11 11 163100 100 64 64
105 61 11 11 163200 100 64 64
# Bachi again
103 60 14 12 164000 71 51 48
103 60 14 12 164000 151 51 48
103 60 14 12 164000 200 51 48
103 60 14 12 164000 251 51 48
103 60 14 12 164200 71 51 48
103 60 14 12 164200 151 51 48
103 60 14 12 164200 200 51 48
103 60 14 12 164200 250 51 48
100 8000 9 11 165000 404 238 399
103 60 13 12 167000 71 51 48
103 60 13 12 167000 151 51 48
103 60 13 12 168000 151 51 48
103 60 13 12 168000 251 51 48
103 60 14 12 168000 71 48 48
103 60 14 12 169000 451 51 48
103 60 14 12 169000 71 51 48
103 60 14 12 169000 621 51 48
103 60 14 12 170000 71 51 48
101 60 14 12 170000 151 51 48
102 60 14 12 170000 251 51 48
103 60 12 12 171000 100 51 48
103 60 12 12 171000 300 51 48
100 7000 12 12 172000 404 238 399
103 60 13 12 174000 200 51 48
103 60 13 12 174000 400 51 48
103 60 14 12 175000 100 51 48
103 60 14 12 175000 300 51 48
103 60 15 13 175000 500 51 44
103 60 10 11 176400 471 51 48
103 60 10 12 176500 471 51 48
103 60 10 12 176500 271 51 48
105 61 11 12 176800 100 64 64
105 61 12 13 176900 100  64
103 60 10 12 177000 71 51 48
103 60 10 12 177100 71 51 48
103 60 10 13 177200 71 51 48
103 60 10 12 177300 71 51 48
104 61 12 14 177700 100 64 64
105 61 12 14 177700 100 64 64
104 61 12 14 177900 100 64 64
105 61 12 14 177900 100 64 64
103 60 10 12 178000 71 51 48
103 60 10 12 178000 151 51 48
104 61 13 14 178500 100 64 64
105 61 13 14 178500 100 64 64
100 8000 12 12 180000 404 238 399
# Last wave
104 60 12 13 184000 651 64 64
105 61 12 14 184000 100 64 64
104 60 12 13 184500 651 64 64
105 61 12 14 184500 100 64 64
103 60 12 14 185000 400 51 48
103 60 12 14 185100 400 51 48
104 60 12 13 185000 651 64 64
105 61 12 13 185000 100 64 64
104 60 12 13 185500 651 64 64
105 61 12 13 185500 100 64 64
104 60 12 14 186750 200 64 64
105 60 12 14 186750 600 64 64
104 60 12 14 187000 192 64 64
105 60 12 14 187000 512 64 64
104 60 12 13 187500 651 64 64
105 61 12 13 187500 100 64 64
100 6000 9 12 188500 404 238 399
105 61 12 14 190000 100 64 64
105 61 12 14 190100 100 64 64
105 61 12 14 190200 100 64 64
104 60 12 13 190300 100 64 64
104 60 12 13 190500 100 64 64
105 61 12 14 190500 100 64 64
104 60 12 13 190600 651 64 64
104 60 12 13 190700 651 64 64
104 60 12 13 190800 651 64 64
104 60 12 13 190900 651 64 64
104 60 12 13 191000 651 64 64
104 60 12 13 191100 651 64 64
104 60 12 13 191200 651 64 64
104 60 12 13 191300 651 64 64
104 60 12 13 191400 651 64 64
104 60 12 13 191500 651 64 64
105 61 12 14 191500 100 64 64
105 61 12 14 192300 100 64 64
105 61 12 14 192400 100 64 64
105 61 12 14 192500 100 64 64
104 60 10 13 192600 651 64 64
100 7000 12 12 193000 404 238 399
104 60 10 13 195100 551 64 64
104 61 12 14 195100 256 64 64
104 60 10 13 195200 512 64 64
104 61 12 14 195200 448 64 64
104 60 12 13 195300 256 64 64
104 61 12 14 195300 256 64 64
104 61 12 14 196000 100 64 64
105 61 12 14 196000 100 64 64
104 61 12 14 196100 100 64 64
105 61 12 14 196100 100 64 64
104 61 12 14 196200 100 64 64
105 61 12 14 196200 100 64 64
104 61 12 14 196300 100 64 64
105 61 12 14 196300 100 64 64
104 61 12 14 196400 100 64 64
105 61 12 14 196400 100 64 64
# Boss
22 0 0 0 200000 0 0 0
2 20000 14 18 206000 256 502 268
