# Level 3
85
106 200 20 19 1500 0 64 64
107 200 20 19 2500 0 64 64
109 6500 24 25 4000 100 250 100
109 6000 24 24 8000 400 250 100
104 100 12 13 11000 0 64 64
104 100 12 13 11100 0 64 64
104 100 12 13 11200 0 64 64
104 100 12 13 11300 0 64 64
104 100 12 13 11400 0 64 64
104 100 12 13 11500 0 64 64
104 100 12 13 12500 0 64 64
105 100 12 13 12500 0 64 64
104 100 12 13 12600 0 64 64
105 100 12 13 12600 0 64 64
104 100 12 13 12700 0 64 64
105 100 12 13 12700 0 64 64
104 100 12 13 12800 0 64 64
105 100 12 13 12800 0 64 64
104 100 12 13 12900 0 64 64
105 100 12 13 12900 0 64 64
104 100 12 13 13000 0 64 64
105 100 12 13 13000 0 64 64
104 100 12 13 14000 0 64 64
105 100 12 13 14000 0 64 64
104 100 12 13 14100 0 64 64
105 100 12 13 14100 0 64 64
104 100 12 13 14200 0 64 64
105 100 12 13 14200 0 64 64
104 100 12 13 14300 0 64 64
105 100 12 13 14300 0 64 64
104 100 12 13 14400 0 64 64
105 100 12 13 14400 0 64 64
104 100 12 13 14500 0 64 64
105 100 12 13 14500 0 64 64
109 6000 24 24 16600 100 250 100
108 200 20 33 19000 200 64 64
108 200 20 33 21000 300 64 64
108 200 20 33 22500 400 64 64
108 200 20 33 23500 500 64 64
104 100 22 23 25000 0 64 64
105 100 22 23 25000 0 64 64
104 100 22 23 25250 0 64 64
105 100 22 23 25250 0 64 64
106 100 22 22 26000 0 64 64
107 100 22 22 26200 0 64 64
103 100 22 22 26400 500 51 47
103 100 22 22 26600 500 51 47
104 100 22 23 27000 0 64 64
105 100 22 23 27000 0 64 64
104 100 22 23 27250 0 64 64
105 100 22 23 27250 0 64 64
104 100 22 23 27500 0 64 64
105 100 22 23 27500 0 64 64
108 100 20 33 28700 380 64 64
108 100 20 33 28900 448 64 64
109 4000 24 24 30000 500 250 100
104 100 22 23 32100 0 64 64
105 100 22 23 32100 0 64 64
104 100 22 23 32750 0 64 64
105 100 22 23 32750 0 64 64
104 100 22 23 33100 0 64 64
105 100 22 23 33100 0 64 64
104 100 22 23 34000 0 64 64
105 100 22 23 34000 0 64 64
109 6512 23 25 36000 100 250 100
106 100 22 23 40000 0 64 64
106 100 22 23 40500 0 64 64
107 100 22 23 41000 0 64 64
107 100 22 23 41250 0 64 64
109 6000 23 24 43500 100 250 100
107 100 22 23 44500 0 64 64
105 100 22 23 45000 0 64 64
109 6000 23 20 45500 100 250 100
103 100 22 22 47200 500 51 47
103 100 22 22 47400 500 51 47
103 100 22 22 47600 500 51 47
103 100 22 22 49000 500 51 47
103 100 22 22 49200 500 51 47
103 100 22 22 49400 500 51 47
103 100 22 22 49600 500 51 47
103 100 22 22 51000 400 51 47
103 100 22 22 51200 400 51 47
103 100 22 22 51400 400 51 47
108 200 20 33 52500 300 64 64
52 16000 25 40 54000 256 228 241
# Afer the boss (very hard)
109 2000 23 30 74000 100 250 100
109 2000 23 30 75000 100 250 100
109 2000 23 30 76000 100 250 100
109 3000 23 25 77000 100 250 100
109 3000 23 25 78000 100 250 100
109 3000 23 25 79000 100 250 100
109 4000 23 20 80000 100 250 100
109 4000 23 20 81000 100 250 100
109 4000 23 20 82000 100 250 100
109 5000 23 15 83000 100 250 100
109 5000 23 15 84000 100 250 100
109 5000 23 15 85000 100 250 100
109 5000 23 15 86000 100 250 100
109 5000 23 15 87000 100 250 100
109 5000 23 15 88000 100 250 100
109 5000 23 15 89000 100 250 100
106 100 12 13 92000 0 64 64
107 100 12 13 92000 0 64 64
106 100 12 13 93000 0 64 64
107 100 12 13 93000 0 64 64
108 100 22 20 94000 251 64 64
108 100 22 20 94000 351 64 64
108 100 22 20 96000 253 64 64
108 100 22 20 96000 353 64 64
106 100 12 13 97000 0 64 64
107 100 12 13 97000 0 64 64
106 100 12 13 98000 0 64 64
107 100 12 13 98000 0 64 64
109 8000 23 15 100000 300 250 100
108 100 22 20 100000 250 64 64
106 100 12 23 100500 0 64 64
107 100 12 23 100500 0 64 64
103 100 21 20 103750 200 47 47
103 100 22 20 103750 400 47 47
103 100 24 20 103750 600 47 47
103 100 26 20 104000 100 47 47
103 100 28 20 104000 600 47 47
103 100 29 20 104100 600 47 47
103 100 20 20 104200 600 47 47
103 100 21 20 104300 600 47 47
103 100 22 20 104400 600 47 47
103 100 23 21 104570 300 47 47
103 100 24 21 104650 200 47 47
103 101 25 21 104700 212 47 47
103 101 25 21 105000 512 47 47
103 101 24 21 105250 128 47 47
103 101 23 21 105250 300 47 47
106 100 12 23 108000 0 64 64
107 100 12 23 108000 0 64 64
108 100 12 23 109000 300 64 64
106 100 12 23 110000 0 64 64
107 100 12 23 110000 0 64 64
109 20000 25 50 110000 256 250 100
104 100 22 23 121000 0 64 64
105 100 12 23 121000 0 64 64
104 100 22 23 121100 0 64 64
105 100 12 23 121100 0 64 64
104 100 12 23 121200 0 64 64
105 100 22 23 121200 0 64 64
104 100 12 13 121300 0 64 64
105 100 12 13 121300 0 64 64
104 100 12 13 121400 0 64 64
105 100 12 13 121400 0 64 64
104 100 22 23 121500 0 64 64
105 100 22 23 121500 0 64 64
104 100 22 23 121600 0 64 64
105 100 22 23 121600 0 64 64
104 100 22 23 121700 0 64 64
105 100 22 23 121700 0 64 64
104 100 12 23 121800 0 64 64
105 100 12 23 121800 0 64 64
104 100 22 13 121900 0 64 64
105 100 12 13 121900 0 64 64
104 100 12 13 122000 0 64 64
105 100 12 13 122000 0 64 64
104 100 12 13 122100 0 64 64
105 100 12 13 122100 0 64 64
104 100 22 23 122200 0 64 64
105 100 22 23 122200 0 64 64
104 100 12 23 122300 0 64 64
105 100 22 23 122300 0 64 64
104 100 22 23 122400 0 64 64
105 100 22 23 122400 0 64 64
104 100 22 13 122500 0 64 64
105 100 12 13 122500 0 64 64
104 100 12 23 122600 0 64 64
105 100 12 23 122600 0 64 64
104 100 12 23 122700 0 64 64
105 100 12 23 122700 0 64 64
104 100 22 23 122800 0 64 64
105 100 12 23 122800 0 64 64
104 100 22 23 122900 0 64 64
105 100 12 23 122900 0 64 64
104 100 12 23 123000 0 64 64
105 100 22 23 123000 0 64 64
104 100 12 23 123100 0 64 64
105 100 22 23 123100 0 64 64
104 100 12 23 123200 0 64 64
105 100 22 23 123200 0 64 64
104 100 12 13 123300 0 64 64
105 100 22 23 123300 0 64 64
104 100 22 23 123400 0 64 64
105 100 22 23 123400 0 64 64
104 100 22 23 123500 0 64 64
105 100 22 23 123500 0 64 64
104 100 12 23 123600 0 64 64
105 100 12 23 123600 0 64 64
104 100 22 23 123700 0 64 64
105 100 12 23 123700 0 64 64
104 100 22 23 123800 0 64 64
105 100 12 23 123800 0 64 64
104 100 12 23 123900 0 64 64
105 100 12 13 123900 0 64 64
104 100 22 23 124000 0 64 64
105 100 22 23 124000 0 64 64
104 100 12 23 124100 0 64 64
105 100 22 23 124100 0 64 64
104 100 22 23 124200 0 64 64
105 100 22 23 124200 0 64 64
104 100 22 23 124300 0 64 64
105 100 22 23 124300 0 64 64
104 100 22 23 124400 0 64 64
105 100 22 23 124400 0 64 64
104 100 22 23 124500 0 64 64
105 100 12 13 124500 0 64 64
104 100 12 23 124600 0 64 64
105 100 12 13 124600 0 64 64
104 100 12 23 124700 0 64 64
105 100 22 23 124700 0 64 64
104 100 12 23 124800 0 64 64
105 100 12 13 124800 0 64 64
104 100 12 23 124900 0 64 64
105 100 12 23 124900 0 64 64
104 100 12 23 125000 0 64 64
105 100 12 23 125000 0 64 64
106 100 12 23 126000 0 64 64
107 100 12 23 126000 0 64 64
106 100 12 23 126100 0 64 64
107 100 12 23 126100 0 64 64
106 100 12 23 126200 0 64 64
107 100 12 23 126200 0 64 64
106 100 12 23 126300 0 64 64
107 100 22 23 126300 0 64 64
106 100 12 13 126400 0 64 64
107 100 22 23 126400 0 64 64
106 100 12 23 126500 0 64 64
107 100 12 23 126500 0 64 64
106 100 12 23 126600 0 64 64
107 100 22 23 126600 0 64 64
106 100 22 23 126700 0 64 64
107 100 22 23 126700 0 64 64
106 100 22 23 126800 0 64 64
107 100 22 23 126800 0 64 64
106 100 22 23 126900 0 64 64
107 100 12 23 126900 0 64 64
106 100 22 23 127000 0 64 64
107 100 22 23 127000 0 64 64
106 100 22 23 127100 0 64 64
107 100 22 23 127100 0 64 64
106 100 12 23 127200 0 64 64
107 100 12 13 127200 0 64 64
106 100 12 13 127300 0 64 64
107 100 12 13 127300 0 64 64
106 100 22 13 127400 0 64 64
107 100 12 13 127400 0 64 64
106 100 22 23 127500 0 64 64
107 100 22 23 127500 0 64 64
106 100 22 13 127600 0 64 64
107 100 12 13 127600 0 64 64
106 100 22 23 127700 0 64 64
107 100 12 23 127700 0 64 64
106 100 22 23 127800 0 64 64
107 100 12 13 127800 0 64 64
106 100 22 23 127900 0 64 64
107 100 12 23 127900 0 64 64
106 100 22 23 128000 0 64 64
107 100 12 23 128000 0 64 64
108 100 22 23 131000 100 64 64
52 10000 25 40 134000 128 228 241
52 10000 25 40 134000 428 228 241
109 4000 25 32 140000 100 250 100
109 4000 25 32 142000 100 250 100
109 4000 25 32 143000 100 250 100
109 4000 25 32 144000 100 250 100
109 4000 25 32 145000 100 250 100
109 4000 25 32 146000 100 250 100
109 4000 25 32 147000 100 250 100
109 4000 25 32 148000 100 250 100
109 4000 25 32 149000 100 250 100
109 4000 25 32 150000 100 250 100
109 4000 25 32 151000 100 250 100
108 100 12 23 153000 100 64 64
108 100 12 23 154000 200 64 64
108 100 12 23 155000 300 64 64
108 100 22 23 156000 400 64 64
108 100 22 23 157000 500 64 64
108 100 22 23 158000 200 64 64
109 20000 25 24 160000 256 250 100
109 10000 24 24 170000 100 250 100
109 10000 24 24 171000 200 250 100
109 4000 25 24 172000 300 250 100
109 4000 25 24 173000 400 250 100
109 4000 25 24 173500 500 250 100
109 4000 25 24 174000 600 250 100
102 131 28 25 178000 200 47 47
102 131 28 25 178000 250 47 47
102 131 28 25 178000 300 47 47
102 131 28 25 178000 350 47 47
102 131 28 25 178000 450 47 47
102 131 28 25 178000 400 47 47
102 131 28 25 178000 550 47 47
102 100 28 25 178000 500 47 47
103 110 21 20 182000 200 47 47
103 110 22 20 182000 400 47 47
103 110 24 20 182000 600 47 47
103 110 26 20 182100 100 47 47
103 110 28 20 182100 300 47 47
103 110 20 20 182200 500 47 47
103 110 21 20 182300 400 47 47
103 110 22 20 182400 200 47 47
103 110 23 21 182570 300 47 47
104 100 22 23 186000 0 64 64
105 100 12 23 186000 0 64 64
104 100 22 23 186500 0 64 64
105 100 12 23 186500 0 64 64
104 100 22 23 187000 0 64 64
105 100 12 23 187000 0 64 64
104 100 22 23 187500 0 64 64
105 100 12 23 187500 0 64 64
104 100 22 23 188000 0 64 64
105 100 12 23 188000 0 64 64
104 100 22 23 188500 0 64 64
105 100 12 23 188500 0 64 64
104 100 22 23 189000 0 64 64
105 100 12 23 189000 0 64 64
104 100 22 23 189500 0 64 64
105 100 12 23 189500 0 64 64
104 100 22 23 189000 0 64 64
105 100 12 23 189000 0 64 64
104 100 22 23 189500 0 64 64
105 100 12 23 189500 0 64 64
106 100 22 23 190000 0 64 64
107 100 12 23 190000 0 64 64
106 100 22 23 190500 0 64 64
107 100 12 23 190500 0 64 64
106 100 22 23 191000 0 64 64
107 100 12 23 191000 0 64 64
106 100 22 23 191500 0 64 64
107 100 12 23 191500 0 64 64
108 100 12 23 191700 300 64 64
106 100 22 23 192000 0 64 64
107 100 22 23 192000 0 64 64
106 100 22 23 192250 0 64 64
107 100 22 23 192250 0 64 64
106 100 22 23 192500 0 64 64
107 100 12 23 192500 0 64 64
106 100 22 23 192750 0 64 64
107 100 12 23 192750 0 64 64
106 100 22 23 193000 0 64 64
107 100 12 23 193000 0 64 64
106 100 22 23 193250 0 64 64
107 100 12 23 193250 0 64 64
106 100 22 23 193500 0 64 64
107 100 22 23 193500 0 64 64
106 100 22 23 193750 0 64 64
107 100 22 23 193750 0 64 64
103 100 21 20 196750 192 51 47
103 100 22 20 196750 300 51 47
103 100 24 20 196750 400 51 47
103 100 26 20 197000 200 51 47
103 100 28 20 197000 250 51 47
103 100 29 20 197100 192 51 47
103 104 21 22 197500 300 51 47
103 100 20 20 197200 600 51 47
103 100 21 20 197300 600 51 47
103 100 22 20 197400 600 51 47
108 108 22 23 200000 100 64 64
108 108 22 23 200500 200 64 64
108 108 22 23 201000 300 64 64
108 108 22 23 201500 400 64 64
108 108 22 23 202000 500 64 64
108 108 22 23 202500 600 64 64
108 108 22 23 203000 500 64 64
108 108 22 23 203500 400 64 64
108 108 22 23 204000 300 64 64
108 108 22 23 204500 200 64 64
108 108 22 23 205000 100 64 64
108 108 22 23 205500 200 64 64
108 108 22 23 206000 300 64 64
108 108 22 23 206500 400 64 64
108 108 22 23 207000 500 64 64
108 108 22 23 207500 600 64 64
109 4000 25 16 208000 300 250 100
109 4000 25 16 208000 400 250 100
109 4000 24 16 210000 200 250 100
109 4000 25 16 210000 500 250 100
109 4000 24 16 211000 100 250 100
109 4000 25 16 211000 600 250 100
109 4000 24 16 212000 100 250 100
109 4000 25 16 215000 200 250 100
109 4000 25 16 215000 400 250 100
109 4000 24 16 217000 100 250 100
109 4000 24 16 217000 300 250 100
109 4000 25 16 218000 600 250 100
109 4000 25 16 219000 400 250 100
109 4000 24 16 220000 200 250 100
109 4000 25 16 220000 500 250 100
109 4000 25 16 221000 300 250 100
109 4000 25 16 221000 400 250 100
109 4000 24 16 222000 200 250 100
109 4000 25 16 222000 500 250 100
109 4000 24 16 225000 100 250 100
109 4000 25 16 225000 300 250 100
109 4000 25 16 226000 400 250 100
109 4000 25 16 227000 300 250 100
109 4000 25 16 228000 400 250 100
109 4000 25 16 228000 500 250 100
109 4000 25 16 229000 200 250 100
109 4000 25 16 230000 100 250 100
109 4000 25 16 231000 300 250 100
109 4000 25 16 231000 500 250 100
109 4000 25 16 233000 400 250 100
109 4000 25 16 234000 300 250 100
109 4000 25 16 234000 500 250 100
109 4000 25 16 236000 200 250 100
109 4000 25 16 236000 600 250 100
109 4000 25 16 237000 100 250 100
109 4000 25 16 237000 300 250 100
109 4000 25 16 237000 500 250 100
109 4000 25 16 238000 100 250 100
109 4000 25 16 238000 400 250 100
109 4000 25 16 238000 600 250 100
109 4000 25 16 239000 200 250 100
109 4000 25 16 240000 300 250 100
109 10000 25 32 241000 256 250 100
22 0 0 0 250000 0 0 0
3 60000 28 48 256000 100 524 652
