# Level 4
1
#109 5000 24 16 4000 300 250 100
#109 6000 24 16 6000 512 250 100
#109 7000 24 16 8000 100 250 100
#109 8000 24 16 10000 150 250 100
#109 9000 24 16 12000 600 250 100
111 24000 32 24 3000 469 486 251
112 10000 24 16 20000 420 400 300
109 7000 24 16 22000 100 250 100
113 10000 24 16 24000 420 400 300
112 10000 24 16 26000 420 400 300
113 10000 24 16 30000 420 400 300
114 10000 24 16 34000 420 400 300
109 8000 24 16 35000 100 250 100
114 10000 24 16 40000 420 400 300
114 10000 24 16 44000 420 400 300
115 10000 24 16 45000 420 400 300
114 10000 24 16 52000 420 400 300
113 10000 24 16 56000 420 400 300
113 10000 24 16 60000 420 400 300
113 10000 24 16 62000 420 400 300
113 10000 24 16 64000 420 400 300
112 10000 24 16 66000 420 400 300
109 8000 24 16 68000 100 250 100
112 10000 24 16 70000 420 400 300
109 8000 24 16 72000 100 250 100
112 7000 24 16 74000 420 400 300
112 7000 24 16 78000 420 400 300
118 7000 24 16 80000 420 400 300
118 7000 24 16 82000 420 400 300
118 7000 24 16 84000 420 400 300
118 7000 24 16 86000 420 400 300
118 7000 24 16 88000 420 400 300
53 64000 28 16 90000 420 400 300
22 0 0 0 12000 0 0 0
